2441
6322
5202
4684
5754
2555
636
2253
6527
6183
3998
449
5327
4553
794
5034
4362
2150
1841
1921
3527
4574
3947
2852
3860
1918
976
3228
3913
4251
2394
5672
671
4607
4413
5290
6488
6330
4536
1356
6701
3030
3761
2582
3300
2452
4685
537
3811
4454
5400
5570
258
6167
6411
3412
3797
4810
6018
292
4339
1792
6635
4058
3974
5708
1578
6016
5048
308
384
1646
102
4547
4748
3728
4500
2
3449
2850
890
5631
845
2801
3901
3561
1798
4033
3374
3841
2574
5122
6559
966
4182
5830
99
5981
1319
1115
6132
253
4431
3463
2745
4166
1910
2020
2946
2486
4942
567
652
6102
5804
4526
2840
5771
3291
3136
3877
3762
1341
4445
1091
5075
3604
4376
1756
121
5841
416
583
6329
4068
2273
4980
6372
453
1383
2153
2456
2387
6621
3293
6201
5076
1588
5869
214
6213
1174
2848
2165
4567
6569
1465
218
5499
3124
696
5802
2185
3858
4870
6534
5126
6238
3750
4864
5650
5517
1007
4548
4476
3263
2602
437
682
4717
1735
5658
1664
1763
6318
1032
4148
2643
1699
2865
2227
2738
4386
3254
4207
1203
574
5945
467
2388
4706
5423
4670
758
3178
2485
3320
2063
1580
709
2146
2097
3613
2924
2344
4644
5235
3369
2473
4387
1794
5965
4162
5723
3387
2188
4893
4806
5993
4056
5640
2859
3721
5376
4850
2501
2258
1326
3534
203
2587
2633
1875
6246
5369
2614
3195
4126
6684
4164
2111
3018
5685
4439
1709
3707
3309
119
441
2054
5360
3003
3628
2749
3118
3492
3828
4918
5565
3240
142
3826
1146
4406
1415
3076
5120
4878
3132
2340
5054
1934
3711
5681
2335
2507
5500
6596
1194
1225
4676
6474
1728
6592
4216
674
3174
6489
1288
69
6751
2752
2458
4144
3093
570
5223
6636
700
3316
1490
2130
861
2038
501
2879
272
4673
5509
4807
297
2806
3859
4620
5832
3212
4014
1860
506
2052
4769
5253
1651
3938
3082
2522
143
1679
3216
3982
5266
344
5635
3325
3560
3864
6302
6073
2935
6590
3643
511
6079
2798
4220
252
5900
6299
5715
5910
3589
2727
6417
3588
508
5986
1913
3357
5228
3103
6290
366
5505
4885
70
1182
3393
3029
4471
3112
761
1507
2208
5201
439
6077
4883
5497
1600
3689
942
3679
6495
1837
498
6166
6257
417
78
5069