993
2030
2144
3939
1545
6042
4913
3591
2924
4938
3232
4460
4990
5082
663
4804
5302
4762
2162
4410
1281
2294
529
3078
416
1187
6230
900
2191
4658
6548
6138
966
1900
2670
5064
2966
1340
6259
4094
5212
5245
659
2951
2640
4130
6627
6616
2471
5011
1352
3172
3613
5490
638
2754
436
5504
6320
6505
4646
6183
4146
2418
2303
2196
6416
4014
4095
2472
3316
6527
3040
6188
1120
4364
969
1338
295
6203
5055
2181
5558
3361
1294
1081
1381
1266
2182
2110
1463
3323
5488
2129
3147
6444
615
835
1139
1446
1459
5647
2211
2523
5899
2197
4727
4860
6443
1483
2260
4167
551
6202
3656
1121
507
434
6568
2195
1561
784
6692
2359
3171
2633
384
4341
508
510
3883
3885
6184
6700
2660
5892
1814
420
4644
3249
5202
6243
2435
6345
3368
5716
6283
990
4953
3961
4115
724
791
2326
4645
5344
6419
3760
4861
4358
2137
2478
5174
100
423
467
699
5379
1373
2464
5763
602
1515
3135
989
3022
45
506
673
1155
1350
1503
1591
1640
2086
2444
3374
3833
4132
4212
4713
4794
4891
4957
5043
5812
6305
3855
2954
3700
4032
5532
5913
386
497
509
535
667
798
888
1278
1279
1353
1550
1574
1600
1625
1681
1779
1790
2123
2229
2231
2307
2363
2452
2484
2485
2525
2577
3203
3269
3274
3523
3950
4017
4038
4077
4164
4171
4174
4213
4367
4729
5342
5557
5726
5860
5972
6014
6028
6473
6504
6544
6557
6703
6714
2928
5144
6574
743
1091
1470
2284
2597
2656
2657
2659
2802
3332
3580
3614
4439
4480
4859
4870
5265
5301
5586
5806
6224
6389
6413
46
108
256
319
342
399
421
435
441
450
455
522
674
710
716
730
733
739
742
746
747
756
793
795
806
836
837
870
889
891
972
991
1007
1136
1227
1280
1334
1366
1368
1380
1460
1480
1491
1495
1506
1556
1566
1577
1582
1632
1637
1639
1642
1644
1650
1680
1732
1754
1770
1773
1787
1816
1961
1999
2068
2076
2094
2096
2124
2127
2155
2214
2286
2333
2335
2349
2350
2352
2362
2389
2405
2427
2430
2434
2450
2476
2488
2494
2495
2516
2524
2603
2604
2617
2623
2676
2779
2788
2828
2832
2856
2967
3028
3055
3069
3085
3116
3168
3196
3202
3280
3288
3320
3329
3330
3421
3463